#Res        AtomicFlx
   1.000       2.8215
   2.000       2.3479
   3.000       1.9021
   4.000       1.5806
   5.000       1.4937
   6.000       1.2223
   7.000       1.0958
   8.000       1.2380
   9.000       1.0401
  10.000       1.0214
  11.000       1.0750
  12.000       1.1373
  13.000       1.1191
  14.000       1.2481
  15.000       1.7755
  16.000       1.5272
  17.000       1.4617
  18.000       1.3293
  19.000       1.1936
  20.000       1.1176
  21.000       1.0662
  22.000       1.1229
  23.000       1.2822
  24.000       1.2012
  25.000       1.4183
  26.000       1.2242
  27.000       1.3730
  28.000       1.1324
  29.000       1.2555
  30.000       1.1943
  31.000       1.1863
  32.000       1.4088
  33.000       1.9799
